
MultinomialNB
	tfidf with args: {'max_features': 7000, 'max_df': 0.8}
		alpha: 0.3
	Metrics achieved: 
	test_accuracy: 0.5641484858352328
	test_f1: 0.5495851277171518
	test_recall: 0.5641484858352328
	val_accuracy: 0.6275
	val_f1: 0.6146323164420905
	val_recall: 0.6275
	Grid search keys: 
			mean_fit_time: 0.022619915008544923 0.021419477462768555 0.050445556640625 0.01881694793701172 0.017816638946533202 0.020218563079833985 0.01661524772644043 0.019417572021484374 0.021419239044189454 0.03943610191345215 0.01841597557067871
			std_fit_time: 0.003722621761203312 0.005787744532143924 0.04135849823777368 0.003658492551723734 0.0011671363767862086 0.003313460273561707 0.001200787476200899 0.0030094675904915203 0.0040832169970563175 0.03946959630809941 0.0010209364778047626
			mean_score_time: 0.005804967880249023 0.007607269287109375 0.0054046630859375 0.005604887008666992 0.005605745315551758 0.006205558776855469 0.005604362487792969 0.005404281616210938 0.008607625961303711 0.00640559196472168 0.005805253982543945
			std_score_time: 0.0004004002895130146 0.0020605653855930352 0.000490603160335291 0.0004906803709005551 0.0004909927964750993 0.0009803966555538331 0.0004896682684657106 0.0004900389240578589 0.0024997691371024455 0.0023345467014764796 0.0004007819293155505
			param_alpha: 0.0 0.1 0.2 0.3 0.4 0.5 0.6 0.7 0.8 0.9 1.0
			params: {'alpha': 0.0} {'alpha': 0.1} {'alpha': 0.2} {'alpha': 0.3} {'alpha': 0.4} {'alpha': 0.5} {'alpha': 0.6} {'alpha': 0.7} {'alpha': 0.8} {'alpha': 0.9} {'alpha': 1.0}
			split0_test_score: 0.6003610339056564 0.6037910295381553 0.6053521299630105 0.606145455030798 0.6058510350880105 0.6042255029994729 0.6023177506684487 0.6012002858099562 0.5996329405955922 0.5985120941599145 0.5973463007462242
			split1_test_score: 0.600847305899282 0.6050644203056843 0.6065379174223585 0.6075362561475531 0.604864867506679 0.6032479865105324 0.6020779652803887 0.5993212322757894 0.5974213920349993 0.5950178568159007 0.5926569447856822
			split2_test_score: 0.603111257345152 0.6046523476402828 0.6047654923431921 0.6039742510802821 0.6049005076980994 0.6045214103885634 0.6044843143939644 0.6017903082278504 0.5977799429156591 0.5951138943376807 0.5935821302712354
			split3_test_score: 0.6016769899968979 0.6047572927735007 0.6056501432659172 0.6062036358127114 0.6071912043082789 0.6063001858083683 0.6042493041397208 0.6031810355513608 0.6019089268138389 0.6002219428519716 0.5998362927240424
			split4_test_score: 0.601850377503161 0.6047512826927812 0.6056543012517641 0.6050839720688361 0.6034202815690399 0.6023469304134226 0.6007692123847307 0.5999366056309307 0.5984012323279442 0.5958952283218686 0.5938040939166278
			mean_test_score: 0.6015693929300299 0.6046032745900808 0.6055919968492484 0.6057887140280361 0.6052455792340216 0.6041284032240719 0.6027797093734507 0.6010858934991775 0.5990288869376068 0.5969522032974672 0.5954451524887624
			std_test_score: 0.0009433362651266215 0.0004290532738348294 0.0005731796222166452 0.0011951790416305681 0.0012448101116825435 0.0013288567684848777 0.0014009522341561676 0.001366294094768225 0.0016246453059859754 0.002067013715409695 0.002714203547209974
			rank_test_score: 7 4 2 1 3 5 6 8 9 10 11
			split0_train_score: 0.70081826248879 0.6983240077239231 0.6948908928345902 0.692520925754694 0.6896922895713793 0.6869839126165146 0.6840065951479286 0.6809832960981613 0.6777257266493707 0.6745147708425133 0.671259082462181
			split1_train_score: 0.70267102980736 0.7000840988101192 0.6968285646639141 0.6942697867791903 0.6906514396821662 0.6880445133667281 0.6856620444844811 0.6828149889750802 0.6795156244487238 0.676211711581088 0.6727264726121951
			split2_train_score: 0.700961821866955 0.6976404004389624 0.6956125424001898 0.6921510354835866 0.6891621897635457 0.6859092382456634 0.6826084199620897 0.6796401744907374 0.6767690997149896 0.6728922464225191 0.6699027957711929
			split3_train_score: 0.7027288452766741 0.7000533874602737 0.6975910142821109 0.6945939514582004 0.6922310087054333 0.6895451283205778 0.6858138015397063 0.6824190527554537 0.6798413967251506 0.6769161846305565 0.6739387695193261
			split4_train_score: 0.7034271936103037 0.7011997949676744 0.6987209820034336 0.6955627130152046 0.6933511887930327 0.6898658400962577 0.6871352069919617 0.6840481873231821 0.6806679266140335 0.6775025106012359 0.6744387814129464
			mean_train_score: 0.7021214306100165 0.6994603378801905 0.6967287992368477 0.6938196824981752 0.6910176233031115 0.6880697265291482 0.6850452136252334 0.6819811399285229 0.6789039548304536 0.6756074848155825 0.6724531803555683
			std_train_score: 0.0010410541251132095 0.0012938249476159415 0.0013671934295513967 0.0012892938848513512 0.001565315661122719 0.0015000114380638275 0.0015720032864023471 0.0015254880070914355 0.0014359917473185638 0.0016873322895187828 0.001682534200976569
	Parameters of grid search: 
		alpha: (0.0, 0.1, 0.2, 0.3, 0.4, 0.5, 0.6, 0.7, 0.8, 0.9, 1.0)

MultinomialNB
	count with args: {'max_features': 7000, 'max_df': 0.8}
		alpha: 0.9
	Metrics achieved: 
	test_accuracy: 0.5743243243243243
	test_f1: 0.5753041135168417
	test_recall: 0.5743243243243243
	val_accuracy: 0.631
	val_f1: 0.630498884173135
	val_recall: 0.631
	Grid search keys: 
			mean_fit_time: 0.02502279281616211 0.022820663452148438 0.01801619529724121 0.017616081237792968 0.026223421096801758 0.033031272888183597 0.02422165870666504 0.01901688575744629 0.01721529960632324 0.024622774124145506 0.01841726303100586
			std_fit_time: 0.003164913459526949 0.0009807761819307461 0.0020995119044154523 0.0012006128205927706 0.01091671088819282 0.011689581686356476 0.011454403997512819 0.0017910172293583138 0.0007492075596460643 0.007178489847239651 0.002418407379740287
			mean_score_time: 0.010410308837890625 0.005805397033691406 0.00800776481628418 0.006004858016967774 0.007407140731811523 0.0060043811798095705 0.005605745315551758 0.006405925750732422 0.006005001068115234 0.007607269287109375 0.00560455322265625
			std_score_time: 0.004033550816996301 0.00040025725261293973 0.003637025234822606 0.0006328624799357699 0.0019609004285901146 0.0006333145239639196 0.0004900188096329804 0.0004906809037924341 0.0006329374748108618 0.004228195978235931 0.0004904089332291508
			param_alpha: 0.0 0.1 0.2 0.3 0.4 0.5 0.6 0.7 0.8 0.9 1.0
			params: {'alpha': 0.0} {'alpha': 0.1} {'alpha': 0.2} {'alpha': 0.3} {'alpha': 0.4} {'alpha': 0.5} {'alpha': 0.6} {'alpha': 0.7} {'alpha': 0.8} {'alpha': 0.9} {'alpha': 1.0}
			split0_test_score: 0.6076463396845561 0.6106705921227026 0.6134659071892569 0.6145466789121634 0.6145383860481859 0.6144984769367876 0.6153208155542332 0.6166326813864108 0.616159173859415 0.6153714509503005 0.6150966364182504
			split1_test_score: 0.6160888542192248 0.6207575353540514 0.622590957171265 0.6228654008076506 0.6227299669068187 0.6229959636951644 0.6241401430626925 0.6249150473674279 0.6248607084921718 0.6255248712720047 0.624674007560848
			split2_test_score: 0.6118699736622002 0.6165196965067994 0.6179319465477477 0.6184749514117709 0.6198142440254375 0.6197081871630205 0.621361706280083 0.6214407536736821 0.6215786418181385 0.6222566908564918 0.6216867408978762
			split3_test_score: 0.6090381589477866 0.613654156826663 0.6147414462468345 0.6168219027608549 0.618648349942405 0.6185932880222154 0.6176044839175859 0.6175909462742627 0.6177137234373974 0.6180962072182401 0.6186808395959713
			split4_test_score: 0.6073952596362971 0.613365131476243 0.615631536535099 0.6158065640919332 0.6163940624782653 0.6162454195446829 0.6163099535047837 0.6171305632382872 0.617041812239981 0.6168203423464471 0.6163054841060228
			mean_test_score: 0.610407717230013 0.6149934224572919 0.6168723587380407 0.6177030995968746 0.6184250018802225 0.6184082670723742 0.6189474204638757 0.6195419983880142 0.6194708119694207 0.6196139125286969 0.6192887417157938
			std_test_score: 0.0032554356990906184 0.003425969527324604 0.0032096552558073498 0.0028837980282649914 0.0028193296882556467 0.002923537365216223 0.003307721804774645 0.003179958371355255 0.0032695038756281694 0.003742449854618309 0.0035098320779891443
			rank_test_score: 11 10 9 8 6 7 5 2 3 1 4
			split0_train_score: 0.7059614724995456 0.7035555489006161 0.7025324058180241 0.7014526264751726 0.7003396794758034 0.6995380141622745 0.6990536624802088 0.6987974136051917 0.6982042191013796 0.6977108831423496 0.6974126688191112
			split1_train_score: 0.7049648861272385 0.7035115868133559 0.7022805965165293 0.701543834475948 0.7009336359531746 0.7002488215881185 0.6992604769764176 0.6985689871561416 0.6979974797060329 0.6977966614217107 0.6967701591391808
			split2_train_score: 0.7051100674451718 0.7031298781588439 0.7017421401805896 0.7005226242452243 0.6996852763202633 0.6990697589751287 0.6983659794468057 0.697968051768119 0.6976266589899413 0.697132317525799 0.6968312047881337
			split3_train_score: 0.7058118819184654 0.7044625604404031 0.7032886146674905 0.7026150097726186 0.7019279385351346 0.7013255305880519 0.700594922709818 0.6996908333441498 0.6986014709175731 0.6977530361915081 0.6972719709932569
			split4_train_score: 0.7051006470667202 0.7031967138614165 0.7024972370498006 0.7015699471097517 0.7007909540760643 0.7004925121278551 0.6998002548132289 0.6991963858403065 0.6989445412624188 0.6984304172583166 0.6977762179328092
			mean_train_score: 0.7053897910114283 0.7035712576349271 0.7024681988464868 0.7015408084157431 0.700735496872088 0.7001349274882858 0.6994150592852958 0.6988443343427817 0.6982748739954692 0.6977646631079367 0.6972124443344984
			std_train_score: 0.0004116731986778776 0.00047609388622689707 0.000498077040693266 0.0006632106506050616 0.000738090283823378 0.0007809307090640723 0.0007477332604260303 0.0005807563337047215 0.0004598352307541777 0.00041161654144742266 0.0003748156141900239
	Parameters of grid search: 
		alpha: (0.0, 0.1, 0.2, 0.3, 0.4, 0.5, 0.6, 0.7, 0.8, 0.9, 1.0)
